Array size,BFS,DFS,
1,8,9,
101,12,15,
201,10,12,
301,10,12,
401,10,10,
501,10,11,
601,10,11,
701,10,12,
801,11,11,
901,10,9,
1001,11,11,
1101,10,9,
1201,10,11,
1301,9,9,
1401,10,10,
1501,10,11,
1601,9,11,
1701,9,9,
1801,9,9,
1901,10,11,
2001,11,11,
2101,9,10,
2201,9,9,
2301,9,11,
2401,9,10,
2501,8,10,
2601,9,10,
2701,9,9,
2801,9,10,
2901,10,10,
3001,9,11,
3101,9,10,
3201,10,9,
3301,9,9,
3401,9,10,
3501,9,10,
3601,9,10,
3701,10,11,
3801,10,11,
3901,10,13,
4001,11,12,
4101,11,12,
4201,9,11,
4301,10,10,
4401,10,10,
4501,9,11,
4601,10,10,
4701,10,9,
4801,9,10,
4901,9,10,
