Array size,BFS,DFS,
1,0,1,
101,0,0,
201,0,0,
301,0,0,
401,0,0,
501,0,0,
601,0,0,
701,1,3,
801,0,0,
901,0,1,
1001,0,0,
1101,0,0,
1201,0,0,
1301,0,0,
1401,0,0,
1501,1,7,
1601,0,0,
1701,0,0,
1801,0,0,
1901,0,0,
2001,1,0,
2101,0,0,
2201,0,0,
2301,0,0,
2401,0,0,
2501,0,2,
2601,0,0,
2701,0,0,
2801,0,0,
2901,1,2,
3001,0,0,
3101,0,0,
3201,0,0,
3301,0,1,
3401,0,0,
3501,0,0,
3601,0,2,
3701,6,30,
3801,4,29,
3901,5,29,
4001,3,30,
4101,0,0,
4201,0,0,
4301,0,0,
4401,0,1,
4501,0,0,
4601,0,0,
4701,0,1,
4801,0,0,
4901,1,3,
