Array size,BFS,DFS,
1,13646,11748,
101,11676,12875,
201,11489,12415,
301,11565,12302,
401,11478,12273,
501,11552,12570,
601,11587,12398,
701,11655,12645,
801,11550,12497,
901,12003,13014,
1001,11721,12750,
1101,11576,12367,
1201,11672,12549,
1301,11588,12141,
1401,11601,12569,
1501,11005,8933,
1601,2881,3104,
1701,2726,2855,
1801,2728,2905,
1901,2716,2946,
2001,2732,2969,
2101,2721,2984,
2201,2708,2897,
2301,2701,2865,
2401,2686,2863,
2501,4223,2989,
2601,2723,2855,
2701,2718,2857,
2801,2717,2858,
2901,2742,2884,
3001,2718,2920,
3101,2716,2889,
3201,2723,2893,
3301,2717,2945,
3401,2707,2946,
3501,2893,3109,
3601,2954,2927,
3701,4033,4436,
3801,4138,4360,
3901,3996,4500,
4001,3952,4324,
4101,2795,3031,
4201,2731,3033,
4301,2725,2934,
4401,2738,2986,
4501,2738,2881,
4601,2720,2848,
4701,2731,2826,
4801,2748,2906,
4901,2747,2956,
