Array size,BFS,DFS,
1,199,222,
101,322,1649,
201,303,1212,
301,287,1146,
401,292,1064,
501,334,1359,
601,319,1249,
701,333,1242,
801,309,1232,
901,289,1041,
1001,325,1481,
1101,300,1192,
1201,292,1237,
1301,282,925,
1401,322,1231,
1501,298,1075,
1601,303,1203,
1701,293,913,
1801,303,1131,
1901,309,1264,
2001,334,1359,
2101,320,1571,
2201,309,1125,
2301,278,936,
2401,292,1003,
2501,297,1081,
2601,282,925,
2701,272,1058,
2801,308,925,
2901,303,1025,
3001,313,1153,
3101,318,1136,
3201,319,1203,
3301,283,1270,
3401,314,1348,
3501,289,1131,
3601,298,1064,
3701,319,1287,
3801,319,1275,
3901,315,1337,
4001,344,1437,
4101,330,1509,
4201,294,1571,
4301,320,1342,
4401,319,1493,
4501,314,919,
4601,283,791,
4701,333,875,
4801,318,1086,
4901,312,1225,
