Array size,BFS,DFS,
1,13824,11866,
101,11813,12992,
201,11637,12548,
301,11713,12431,
401,11617,12390,
501,11675,12680,
601,11712,12539,
701,11797,12780,
801,11686,12639,
901,12060,13139,
1001,11858,12893,
1101,11729,12505,
1201,11813,12633,
1301,11724,12254,
1401,11739,12696,
1501,11284,9030,
1601,2913,3136,
1701,2756,2886,
1801,2761,2933,
1901,2745,2973,
2001,2760,2998,
2101,2749,3015,
2201,2738,2925,
2301,2731,2894,
2401,2717,2891,
2501,4256,3015,
2601,2753,2888,
2701,2740,2889,
2801,2749,2886,
2901,2770,2916,
3001,2748,2949,
3101,2746,2917,
3201,2753,2925,
3301,2739,2974,
3401,2740,2976,
3501,2927,3143,
3601,2825,2958,
3701,4061,4487,
3801,4158,4358,
3901,4017,4555,
4001,3943,4358,
4101,2833,3062,
4201,2758,3060,
4301,2750,2962,
4401,2773,3016,
4501,2765,2910,
4601,2749,2877,
4701,2762,2852,
4801,2773,2935,
4901,2778,2987,
